date,total_vaccinations,daily_vaccinations
3/7/2021,0,
3/8/2021,377,377
3/9/2021,522,145
3/10/2021,955,433
3/11/2021,1585,630
3/12/2021,5248,3663
3/13/2021,10041,4793
3/14/2021,11605,1564
3/15/2021,15865,4260
3/16/2021,20695,4830
3/17/2021,24054,3359
3/18/2021,27546,3492
3/19/2021,30971,3425
3/20/2021,32361,1390
3/21/2021,33891,1530
3/22/2021,36082,2191
3/23/2021,37911,1829
3/24/2021,39817,1906
3/25/2021,42225,2408
3/26/2021,44000,1775
3/27/2021,44278,278
3/28/2021,45140,862
3/29/2021,46416,1276
3/30/2021,48256,1840
3/31/2021,49743,1487
4/1/2021,51216,1473
4/2/2021,52091,875
4/3/2021,52335,244
4/4/2021,52413,78
4/5/2021,52868,455
4/6/2021,53953,1085
4/7/2021,55151,1198
4/8/2021,56359,1208
4/9/2021,58037,1678
4/10/2021,58248,211
4/11/2021,58418,170
4/12/2021,59249,831
4/13/2021,60139,890
4/14/2021,62028,1889
4/15/2021,63758,1730
4/16/2021,66366,2608
4/17/2021,67789,1423
4/18/2021,79182,11393
4/19/2021,80857,1675
4/20/2021,106929,26072
4/21/2021,108897,1968
4/22/2021,128610,19713
4/23/2021,176037,47427
4/24/2021,198972,22935
4/25/2021,209632,10660
4/26/2021,259736,50104
4/27/2021,318792,59056
4/28/2021,425638,106846
4/29/2021,506435,80797
4/30/2021,519262,12827
5/1/2021,,
5/2/2021,,
5/3/2021,,
5/4/2021,,
5/5/2021,,
5/6/2021,,
5/7/2021,,
5/8/2021,,
5/9/2021,,
5/10/2021,892454,
5/11/2021,,
5/12/2021,942030,
5/13/2021,959182,17152
5/14/2021,969697,10515
5/15/2021,977032,7335
5/16/2021,979238,2206
5/17/2021,,
5/18/2021,1011395,
5/19/2021,,
5/20/2021,,
5/21/2021,,
5/22/2021,1027659,
5/23/2021,,
5/24/2021,,
5/25/2021,,
5/26/2021,1034867,
5/27/2021,,
5/28/2021,,
5/29/2021,,
5/30/2021,,
5/31/2021,1102099,
6/1/2021,,
6/2/2021,1110111,
6/3/2021,1156056,45945
6/4/2021,1217607,61551
6/5/2021,1243304,25697
6/6/2021,1248559,5255
6/7/2021,1340098,91539
6/8/2021,1354856,14758
6/9/2021,1389887,35031
6/10/2021,1411548,21661
6/11/2021,1445723,34175
6/12/2021,1454221,8498
6/13/2021,1498323,44102
6/14/2021,1552651,54328
6/15/2021,1648072,95421
6/16/2021,1773297,125225
6/17/2021,1991059,217762
6/18/2021,2233208,242149
6/19/2021,2359376,126168
6/20/2021,2422643,63267
6/21/2021,,
6/22/2021,2569156,
6/23/2021,2626337,57181
6/24/2021,2920248,293911
6/25/2021,3087580,167332
6/26/2021,3299232,211652
6/27/2021,3386607,87375
6/28/2021,3497104,110497
6/29/2021,3593970,96866
6/30/2021,3776980,183010
7/1/2021,3813767,36787
7/2/2021,3842646,28879
7/3/2021,3867407,24761
7/4/2021,3890855,23448
7/5/2021,3903105,12250
7/6/2021,3928001,24896
7/7/2021,3960956,32955
7/8/2021,3983800,22844
7/9/2021,4010786,26986
7/10/2021,4040783,29997
7/11/2021,4051585,10802
7/12/2021,4063872,12287
7/13/2021,4079066,15194
7/14/2021,4146767,67701
7/15/2021,4185623,38856
7/16/2021,4233896,48273
7/17/2021,4261252,27356
7/18/2021,4283906,22654
7/19/2021,4305501,21595
7/20/2021,4336833,31332
7/21/2021,4367939,31106
7/22/2021,4411659,43720
7/23/2021,4478757,67098
7/24/2021,4535741,56984
7/25/2021,4613491,77750
7/26/2021,4746642,133151
7/27/2021,5013175,266533
7/28/2021,5321839,308664
7/29/2021,5529898,208059
7/30/2021,5931376,401478
7/31/2021,6203866,272490
8/1/2021,6415219,211353
8/2/2021,6959197,543978
8/3/2021,7291808,332611
8/4/2021,7553318,261510
8/5/2021,8061116,507798
8/6/2021,8528267,467151
8/7/2021,8896615,368348
8/8/2021,9405819,509204
8/9/2021,9987587,581768
8/10/2021,11341864,1354277
8/11/2021,12098821,756957
8/12/2021,13256472,1157651
8/13/2021,13772920,516448
8/14/2021,14434017,661097
8/15/2021,14666708,232691
8/16/2021,15271562,604854
8/17/2021,15518869,247307
8/18/2021,15922537,403668
8/19/2021,16306199,383662
8/20/2021,16494665,188466
8/21/2021,17065896,571231
8/22/2021,17364569,298673
8/23/2021,17647353,282784
8/24/2021,18095473,448120
8/25/2021,18522203,426730
8/26/2021,18843004,320801
8/27/2021,19151122,308118
8/28/2021,19431093,279971
8/29/2021,19710560,279467
8/30/2021,19966724,256164
8/31/2021,20210381,243657
9/1/2021,20542325,331944
9/2/2021,20831478,289153
9/3/2021,21046279,214801
9/4/2021,21445181,398902
9/5/2021,22012123,566942
9/6/2021,22675644,663521
9/7/2021,23577917,902273
9/8/2021,24781185,1203268
9/9/2021,25926688,1145503
9/10/2021,27108588,1181900
9/11/2021,28213392,1104804
9/12/2021,29280307,1066915
9/13/2021,30348920,1068613
9/14/2021,31254856,905936
9/15/2021,32296517,1041661
9/16/2021,33006632,710115
9/17/2021,33555359,548727
9/18/2021,34095243,539884
9/19/2021,34553590,458347
9/20/2021,35071714,518124
9/21/2021,35675840,604126
9/22/2021,36152556,476716
9/23/2021,36793910,641354
9/24/2021,37583248,789338
9/25/2021,38367246,783998
9/26/2021,39232772,865526
9/27/2021,40095031,862259
9/28/2021,41153041,1058010
9/29/2021,42165168,1012127
9/30/2021,42888157,722989
10/1/2021,43658818,770661
10/2/2021,44637911,979093
10/3/2021,45496123,858212
10/4/2021,46969510,1473387
10/5/2021,48155037,1185527
10/6/2021,49254925,1099888
10/7/2021,,
10/8/2021,51968108,
10/9/2021,,
10/10/2021,54279564,
10/11/2021,55229124,949560
10/12/2021,56330750,1101626
10/13/2021,57457092,1126342
10/14/2021,59003239,1546147
10/15/2021,,
10/16/2021,61919937,
10/17/2021,63434180,1514243
10/18/2021,64992488,1558308
10/19/2021,67083557,2091069
10/20/2021,68809880,1726323
10/21/2021,,
10/22/2021,71889209,
10/23/2021,72929311,1040102
10/24/2021,,
10/25/2021,74950393,
10/26/2021,75970872,1020479
10/27/2021,77145612,1174740
10/28/2021,78940403,1794791
10/29/2021,80528570,1588167
10/30/2021,81375376,846806
10/31/2021,81929875,554499
11/1/2021,83131464,1201589
11/2/2021,84090899,959435
11/3/2021,84884074,793175
11/4/2021,86319808,1435734
11/5/2021,,
11/6/2021,89620701,
11/7/2021,,
11/8/2021,92211330,
11/9/2021,93962665,1751335
11/10/2021,,
11/11/2021,96557452,
11/12/2021,97831758,1274306
11/13/2021,98930571,1098813
11/14/2021,99751224,820653
11/15/2021,100862898,1111674
11/16/2021,102030576,1167678
11/17/2021,103573065,1542489
11/18/2021,,
11/19/2021,106543301,
11/20/2021,107861131,1317830
11/21/2021,108915813,1054682
11/22/2021,110917609,2001796
11/23/2021,112944634,2027025
11/24/2021,114591610,1646976
11/25/2021,116328185,1736575
11/26/2021,117691092,1362907
11/27/2021,118768386,1077294
11/28/2021,120644108,1875722
11/29/2021,122083464,1439356
11/30/2021,,
12/1/2021,125164684,
12/2/2021,125955995,791311
12/3/2021,126846771,890776
12/4/2021,,
12/5/2021,127828796,
12/6/2021,128675533,846737
12/7/2021,129408202,732669
12/8/2021,129965296,557094
12/9/2021,131033342,1068046
12/10/2021,131816392,783050
12/11/2021,132266442,450050
12/12/2021,132873501,607059
12/13/2021,,
12/14/2021,135202794,
12/15/2021,135736968,534174
12/16/2021,,
12/17/2021,137574609,
12/18/2021,138772562,1197953
12/19/2021,,
12/20/2021,,
12/21/2021,,
12/22/2021,,
12/23/2021,143520464,
12/24/2021,144513779,993315
12/25/2021,145595435,1081656
12/26/2021,146335052,739617
12/27/2021,,
12/28/2021,148198862,
12/29/2021,,
12/30/2021,150935915,
12/31/2021,,
1/1/2022,,
1/2/2022,153596950,
1/3/2022,154344391,747441
1/4/2022,,
1/5/2022,156902083,
1/6/2022,157740557,838474
1/7/2022,,
1/8/2022,160033187,
1/9/2022,161277807,1244620
1/10/2022,162375421,1097614
1/11/2022,163533682,1158261
1/12/2022,,
1/13/2022,165524173,
1/14/2022,,
1/15/2022,,
1/16/2022,,
1/17/2022,,
1/18/2022,,
1/19/2022,,
1/20/2022,,
1/21/2022,,
1/22/2022,,
1/23/2022,176429307,
1/24/2022,177388045,958738
1/25/2022,,
1/26/2022,179593670,
1/27/2022,,
1/28/2022,180876701,
1/29/2022,181118415,241714
1/30/2022,181280001,161586
1/31/2022,,
2/1/2022,181581833,
2/2/2022,181659091,77258
2/3/2022,181665411,6320
2/4/2022,181665411,0
2/5/2022,,
2/6/2022,,
2/7/2022,,
2/8/2022,183729446,
2/9/2022,184129785,400339
2/10/2022,184868879,739094
2/11/2022,185254387,385508
2/12/2022,185731134,476747
2/13/2022,186001127,269993
2/14/2022,,
2/15/2022,,
2/16/2022,,
2/17/2022,,
2/18/2022,,
2/19/2022,191368265,
2/20/2022,191667067,298802
2/21/2022,191993381,326314
2/22/2022,192403472,410091
2/23/2022,192677323,273851
2/24/2022,192865977,188654
2/25/2022,193274685,408708
2/26/2022,193408292,133607
2/27/2022,193625095,216803
2/28/2022,194970502,1345407
3/1/2022,195308572,338070
3/2/2022,195672969,364397
